0 1
1 2
2 3
3 4
4 5
5 6
6 7
7 8
8 9
9 10
10 11
11 12
12 13
13 14
14 15
15 16
16 17
17 18
18 19
19 20
20 21
21 22
22 23
23 24
24 25
25 26
26 27
27 28
28 29
29 30
30 31
31 32
32 33
33 34
34 35
35 36
36 37
37 38
38 39
39 40
40 41
41 42
42 43
43 44
44 45
45 46
46 47
47 48
48 49
49 50
50 51
51 52
52 53
53 54
54 55
55 56
56 57
57 58
58 59
59 60
60 61
61 62
62 63
63 64
64 65
65 66
66 67
67 68
68 69
69 70
70 71
71 72
72 73
73 74
74 75
75 76
76 77
77 78
78 79
79 80
80 81
81 82
82 83
83 84
84 85
85 86
86 87
87 88
88 89
89 90
90 91
91 92
92 93
93 94
94 95
95 96
96 97
97 98
98 99
99 100
100 101
101 102
102 103
103 104
104 105
105 106
106 107
107 108
108 109
109 110
110 111
111 112
112 113
113 114
114 115
115 116
116 117
117 118
118 119
119 120
120 121
121 122
122 123
123 124
124 125
125 126
126 127
127 128
128 129
129 130
130 131
131 132
132 133
133 134
134 135
135 136
136 137
137 138
138 139
139 140
140 141
141 142
142 143
143 144
144 145
145 146
146 147
147 148
148 149
149 150
150 151
151 152
152 153
153 154
154 155
155 156
156 157
157 158
158 159
159 160
160 161
161 162
162 163
163 164
164 165
165 166
166 167
167 168
168 169
169 170
170 171
171 172
172 173
173 174
174 175
175 176
176 177
177 178
178 179
179 180
180 181
181 182
182 183
183 184
184 185
185 186
186 187
187 188
188 189
189 190
190 191
191 192
192 193
193 194
194 195
195 196
196 197
197 198
198 199
199 200
200 201
201 202
202 203
203 204
204 205
205 206
206 207
207 208
208 209
209 210
210 211
211 212
212 213
213 214
214 215
215 216
216 217
217 218
218 219
219 220
220 221
221 222
222 223
223 224
224 225
225 226
226 227
227 228
228 229
229 230
230 231
231 232
232 233
233 234
234 235
235 236
236 237
237 238
238 239
239 240
240 241
241 242
242 243
243 244
244 245
245 246
246 247
247 248
248 249
249 250
250 251
251 252
252 253
253 254
254 255
255 256
256 257
257 258
258 259
259 260
260 261
261 262
262 263
263 264
264 265
265 266
266 267
267 268
268 269
269 270
270 271
271 272
272 273
273 274
274 275
275 276
276 277
277 278
278 279
279 280
280 281
281 282
282 283
283 284
284 285
285 286
286 287
287 288
288 289
289 290
290 291
291 292
292 293
293 294
294 295
295 296
296 297
297 298
298 299
299 300
300 301
301 302
302 303
303 304
304 305
305 306
306 307
307 308
308 309
309 310
310 311
311 312
312 313
313 314
314 315
315 316
316 317
317 318
318 319
319 320
320 321
321 322
322 323
323 324
324 325
325 326
326 327
327 328
328 329
329 330
330 331
331 332
332 333
333 334
334 335
335 336
336 337
337 338
338 339
339 340
340 341
341 342
342 343
343 344
344 345
345 346
346 347
347 348
348 349
349 350
350 351
351 352
352 353
353 354
354 355
355 356
356 357
357 358
358 359
359 360
360 361
361 362
362 363
363 364
364 365
365 366
366 367
367 368
368 369
369 370
370 371
371 372
372 373
373 374
374 375
375 376
376 377
377 378
378 379
379 380
380 381
381 382
382 383
383 384
384 385
385 386
386 387
387 388
388 389
389 390
390 391
391 392
392 393
393 394
394 395
395 396
396 397
397 398
398 399
399 400
400 401
401 402
402 403
403 404
404 405
405 406
406 407
407 408
408 409
409 410
410 411
411 412
412 413
413 414
414 415
415 416
416 417
417 418
418 419
419 420
420 421
421 422
422 423
423 424
424 425
425 426
426 427
427 428
428 429
429 430
430 431
431 432
432 433
433 434
434 435
435 436
436 437
437 438
438 439
439 440
440 441
441 442
442 443
443 444
444 445
445 446
446 447
447 448
448 449
449 450
450 451
451 452
452 453
453 454
454 455
455 456
456 457
457 458
458 459
459 460
460 461
461 462
462 463
463 464
464 465
465 466
466 467
467 468
468 469
469 470
470 471
471 472
472 473
473 474
474 475
475 476
476 477
477 478
478 479
479 480
480 481
481 482
482 483
483 484
484 485
485 486
486 487
487 488
488 489
489 490
490 491
491 492
492 493
493 494
494 495
495 496
496 497
497 498
498 499
499 500
500 501
501 502
502 503
503 504
504 505
505 506
506 507
507 508
508 509
509 510
510 511
511 512
512 513
513 514
514 515
515 516
516 517
517 518
518 519
519 520
520 521
521 522
522 523
523 524
524 525
525 526
526 527
527 528
528 529
529 530
530 531
531 532
532 533
533 534
534 535
535 536
536 537
537 538
538 539
539 540
540 541
541 542
542 543
543 544
544 545
545 546
546 547
547 548
548 549
549 550
550 551
551 552
552 553
553 554
554 555
555 556
556 557
557 558
558 559
559 560
560 561
561 562
562 563
563 564
564 565
565 566
566 567
567 568
568 569
569 570
570 571
571 572
572 573
573 574
574 575
575 576
576 577
577 578
578 579
579 580
580 581
581 582
582 583
583 584
584 585
585 586
586 587
587 588
588 589
589 590
590 591
591 592
592 593
593 594
594 595
595 596
596 597
597 598
598 599
599 600
600 601
601 602
602 603
603 604
604 605
605 606
606 607
607 608
608 609
609 610
610 611
611 612
612 613
613 614
614 615
615 616
616 617
617 618
618 619
619 620
620 621
621 622
622 623
623 624
624 625
625 626
626 627
627 628
628 629
629 630
630 631
631 632
632 633
633 634
634 635
635 636
636 637
637 638
638 639
639 640
640 641
641 642
642 643
643 644
644 645
645 646
646 647
647 648
648 649
649 650
650 651
651 652
652 653
653 654
654 655
655 656
656 657
657 658
658 659
659 660
660 661
661 662
662 663
663 664
664 665
665 666
666 667
667 668
668 669
669 670
670 671
671 672
672 673
673 674
674 675
675 676
676 677
677 678
678 679
679 680
680 681
681 682
682 683
683 684
684 685
685 686
686 687
687 688
688 689
689 690
690 691
691 692
692 693
693 694
694 695
695 696
696 697
697 698
698 699
699 700
700 701
701 702
702 703
703 704
704 705
705 706
706 707
707 708
708 709
709 710
710 711
711 712
712 713
713 714
714 715
715 716
716 717
717 718
718 719
719 720
720 721
721 722
722 723
723 724
724 725
725 726
726 727
727 728
728 729
729 730
730 731
731 732
732 733
733 734
734 735
735 736
736 737
737 738
738 739
739 740
740 741
741 742
742 743
743 744
744 745
745 746
746 747
747 748
748 749
749 750
750 751
751 752
752 753
753 754
754 755
755 756
756 757
757 758
758 759
759 760
760 761
761 762
762 763
763 764
764 765
765 766
766 767
767 768
768 769
769 770
770 771
771 772
772 773
773 774
774 775
775 776
776 777
777 778
778 779
779 780
780 781
781 782
782 783
783 784
784 785
785 786
786 787
787 788
788 789
789 790
790 791
791 792
792 793
793 794
794 795
795 796
796 797
797 798
798 799
799 800
800 801
801 802
802 803
803 804
804 805
805 806
806 807
807 808
808 809
809 810
810 811
811 812
812 813
813 814
814 815
815 816
816 817
817 818
818 819
819 820
820 821
821 822
822 823
823 824
824 825
825 826
826 827
827 828
828 829
829 830
830 831
831 832
832 833
833 834
834 835
835 836
836 837
837 838
838 839
839 840
840 841
841 842
842 843
843 844
844 845
845 846
846 847
847 848
848 849
849 850
850 851
851 852
852 853
853 854
854 855
855 856
856 857
857 858
858 859
859 860
860 861
861 862
862 863
863 864
864 865
865 866
866 867
867 868
868 869
869 870
870 871
871 872
872 873
873 874
874 875
875 876
876 877
877 878
878 879
879 880
880 881
881 882
882 883
883 884
884 885
885 886
886 887
887 888
888 889
889 890
890 891
891 892
892 893
893 894
894 895
895 896
896 897
897 898
898 899
899 900
900 901
901 902
902 903
903 904
904 905
905 906
906 907
907 908
908 909
909 910
910 911
911 912
912 913
913 914
914 915
915 916
916 917
917 918
918 919
919 920
920 921
921 922
922 923
923 924
924 925
925 926
926 927
927 928
928 929
929 930
930 931
931 932
932 933
933 934
934 935
935 936
936 937
937 938
938 939
939 940
940 941
941 942
942 943
943 944
944 945
945 946
946 947
947 948
948 949
949 950
950 951
951 952
952 953
953 954
954 955
955 956
956 957
957 958
958 959
959 960
960 961
961 962
962 963
963 964
964 965
965 966
966 967
967 968
968 969
969 970
970 971
971 972
972 973
973 974
974 975
975 976
976 977
977 978
978 979
979 980
980 981
981 982
982 983
983 984
984 985
985 986
986 987
987 988
988 989
989 990
990 991
991 992
992 993
993 994
994 995
995 996
996 997
997 998
998 999
999 0
949 958
460 25
915 109
693 799
117 642
891 633
234 306
571 490
671 276
852 987
162 841
286 265
194 606
379 49
431 741
604 850
373 685
797 406
961 536
764 982
801 132
37 822
12 418
849 167
189 915
677 792
329 36
97 894
993 883
555 986
211 572
213 498
516 284
354 925
429 806
205 875
127 610
60 179
31 27
425 948
462 340
880 196
801 371
709 721
682 812
648 469
393 751
325 802
300 166
324 240
926 986
558 748
850 186
479 389
511 628
574 232
192 74
323 680
550 61
7 271
90 900
496 112
506 61
339 996
230 258
419 222
337 824
695 132
419 245
755 854
185 713
865 684
438 787
334 132
396 746
445 151
867 830
253 881
17 115
170 755
49 109
779 937
616 170
372 39
628 907
626 994
440 918
473 79
999 809
232 24
314 286
441 917
367 74
98 995
840 774
648 229
911 281
385 812
141 921
353 270
325 280
370 786
288 575
498 571
49 294
934 793
307 546
132 278
437 978
285 43
339 925
151 623
750 686
971 974
485 976
420 953
618 248
513 490
660 17
785 223
378 963
869 768
566 830
398 978
296 363
1 232
71 233
839 315
848 658
721 906
679 763
564 39
406 496
721 406
247 205
954 620
625 529
880 941
136 116
956 257
329 47
544 114
92 286
835 911
329 291
11 318
276 22
631 223
45 509
213 633
909 255
831 694
672 559
909 211
945 434
728 147
99 583
672 409
696 229
739 981
502 768
339 920
139 974
684 274
629 247
619 144
579 715
357 350
344 335
729 704
544 850
373 950
310 904
536 907
632 994
661 20
43 350
957 109
607 634
362 56
721 970
181 807
156 445
478 558
700 645
342 398
825 155
306 209
294 863
112 479
59 170
542 8
105 372
322 65
997 618
418 606
424 367
199 257
888 320
633 723
804 300
548 139
920 72
936 382
857 181
132 211
261 589
943 703
878 199
148 413
518 297
264 581
57 175
7 867
66 764
759 693
815 894
787 24
288 389
175 24
695 793
427 757
937 123
474 712
11 179
138 543
155 789
311 194
866 709
489 778
181 836
304 300
105 283
784 744
172 244
148 66
479 12
323 515
733 375
477 684
388 920
616 845
647 678
963 789
440 997
819 605
935 498
770 429
157 82
858 424
535 551
863 871
54 960
730 147
212 899
363 730
457 527
614 682
936 147
804 413
984 148
429 572
220 673
504 120
856 270
509 872
583 650
188 767
52 527
764 435
73 942
237 294
4 904
761 416
850 877
176 875
640 211
961 42
540 521
742 321
681 79
809 480
18 104
361 537
308 860
234 601
564 103
228 262
233 859
121 70
104 27
443 135
162 611
27 896
868 326
275 587
151 899
667 669
233 218
213 909
839 390
424 666
986 976
230 939
690 78
442 330
635 215
165 279
247 471
168 543
646 415
281 79
628 281
981 714
807 991
335 825
120 613
554 644
600 291
875 2
168 224
761 816
672 841
220 573
837 956
575 329
166 461
78 45
423 317
990 809
82 754
395 210
18 315
770 658
175 819
973 507
256 750
626 153
220 521
628 458
19 600
620 686
592 384
829 575
781 252
428 498
320 601
878 466
531 882
230 918
283 675
249 786
365 634
135 985
585 336
446 616
408 239
758 533
698 934
999 588
165 45
477 851
482 538
469 191
423 265
395 630
701 412
826 330
929 107
745 277
250 873
354 101
795 238
777 158
33 595
91 242
363 41
354 411
187 11
138 53
502 540
597 135
426 951
146 632
389 982
236 283
864 747
978 105
87 107
727 528
182 22
338 196
14 233
444 193
829 823
102 323
271 679
58 842
334 523
349 454
548 13
22 612
330 551
686 294
836 640
968 864
397 889
265 167
921 203
544 57
691 355
766 463
223 745
797 456
926 751
310 96
131 892
434 731
806 132
129 127
234 808
629 619
492 74
254 721
351 457
561 330
809 77
350 578
328 637
257 645
103 920
952 49
359 937
920 705
907 682
807 146
134 235
366 715
64 210
959 330
408 491
235 898
181 683
37 932
927 266
59 322
946 382
856 621
30 171
328 717
885 569
272 835
702 581
214 580
303 331
572 495
88 265
488 382
544 460
186 928
901 563
298 24
824 294
630 691
839 592
788 497
723 811
16 184
61 401
677 128
907 967
590 814
999 253
438 974
712 601
828 36
421 425
961 313
765 562
933 147
485 715
334 211
747 97
706 408
195 777
556 581
199 43
28 843
67 97
538 368
979 556
605 202
655 86
534 218
307 791
701 414
780 565
302 289
204 612
43 463
