1 2
2 3
3 4
4 5
5 6
6 7
7 8
8 9
9 10
10 11
11 12
12 13
13 14
14 15
15 16
16 17
17 18
18 19
19 20
20 21
21 22
22 23
23 24
24 25
16 18
10 6
18 11
12 16
10 16
16 20
22 5
18 12
10 22
4 9
1 15
22 12
15 19
8 25
17 14
22 9
4 23
2 14
6 2
19 12
3 11
9 21
22 15
13 10
11 23
20 2
17 21
13 1
16 23
12 17
6 12
18 24
3 10
25 9
2 13
5 1
12 20
19 9
2 9
12 14
14 9
25 20
25 13
23 25
3 6
16 11
13 18
8 10
22 17
23 15
8 3
24 12
22 16
17 13
2 22
4 24
7 12
6 18
20 3
17 19
24 3
2 25
15 17
2 11
8 1
15 18
3 19
4 19
25 10
13 20
24 2
18 10
1 23
19 14
21 19
13 4
